Trait	# groups	Compression	-2LnLk	Var_genetic	Var_error
EarHT	279	1.0	2333.9619552539257	136.56960169038288	114.50731726432376
EarHT	267	1.0449438202247192	2333.451888468975	137.00697691494037	116.29125119097134
EarHT	262	1.0648854961832062	2332.2580399369763	142.5626367434146	110.38094781740368
EarHT	257	1.0856031128404668	2330.9367460204708	145.62155178730657	107.69172493176724
EarHT	252	1.1071428571428572	2329.03947760427	152.7448679420274	100.55437387321942
EarHT	247	1.1295546558704452	2334.0254995039604	129.39652507608278	131.57538906994245
EarHT	242	1.1528925619834711	2331.2022400648625	139.76800073844908	119.9613366082716
EarHT	237	1.1772151898734178	2331.562881489064	136.3610049273041	126.24429701855259
EarHT	232	1.2025862068965518	2336.787115867966	107.63546634380316	163.78942967672944
EarHT	227	1.2290748898678414	2336.7305506455564	106.92794369768555	166.8489426589573
EarHT	223	1.251121076233184	2335.861671750519	108.7084252221106	165.96476380571946
EarHT	218	1.2798165137614679	2334.8740071742877	111.38786334565381	164.55160445329713
EarHT	214	1.3037383177570094	2338.000317783375	101.94868466612955	179.44999530134274
EarHT	210	1.3285714285714285	2337.386093641449	101.01685718001426	181.71002709063282
EarHT	206	1.354368932038835	2336.223751235104	103.75664447773067	180.05236439255512
EarHT	201	1.3880597014925373	2335.1089058669622	106.83969230689272	177.96986937612343
EarHT	197	1.416243654822335	2337.2375356889356	102.4148984057243	186.66749762422415
EarHT	193	1.4455958549222798	2335.8983938405145	105.69182241931534	184.40056595011353
EarHT	190	1.4684210526315788	2335.8748683419662	106.70497088711583	184.98058139403346
EarHT	186	1.5	2337.0334869581934	102.94496911294421	191.69525351230726
EarHT	182	1.532967032967033	2336.4020838097463	104.9644032828577	191.5231635531612
EarHT	178	1.5674157303370786	2335.7335201376764	107.60477460001574	190.58965907309263
EarHT	175	1.5942857142857143	2336.954625514134	105.18786046541128	195.3860876649431
EarHT	171	1.631578947368421	2337.0262928475418	99.35799980326443	202.89490111972577
EarHT	168	1.6607142857142858	2337.6726182993243	98.5059818465744	205.9071416696054
EarHT	164	1.701219512195122	2337.3298147171076	100.36569167660157	206.08030175743437
EarHT	161	1.7329192546583851	2336.092092240455	103.21053073965015	204.25363389585317
EarHT	158	1.7658227848101267	2335.328873792908	105.56791158970445	203.3256906373172
EarHT	155	1.8	2335.318839139015	103.34378575884162	206.54736310826436
EarHT	152	1.8355263157894737	2335.958595169183	101.71894051823388	209.95375796424926
EarHT	149	1.8724832214765101	2335.9537109197036	103.34045847636757	210.35907011835968
EarHT	146	1.9109589041095891	2335.0986397119646	105.43141862465234	209.7663732934761
EarHT	143	1.951048951048951	2334.2561458158816	107.78935048711831	209.22901446581596
EarHT	140	1.9928571428571429	2334.5973408652417	105.98790608731318	212.92935995244105
EarHT	137	2.0364963503649633	2334.7526663650674	105.68337951619054	214.92446800623134
EarHT	134	2.082089552238806	2333.18364202511	109.31884791741871	212.76947391914285
EarHT	132	2.1136363636363638	2334.1719626065446	106.2753718021937	216.81437292663335
EarHT	129	2.1627906976744184	2339.2062991025223	98.29131316323304	228.7923430749282
EarHT	126	2.2142857142857144	2340.1241783347537	97.1629171798869	232.188580545686
EarHT	124	2.25	2346.041611662923	91.97246108567774	243.24732651040227
EarHT	121	2.3057851239669422	2347.8572991125275	87.94539634047919	249.28460116343248
EarHT	119	2.3445378151260505	2348.3274532156665	86.5056356172839	251.4915949879383
EarHT	117	2.3846153846153846	2347.386455674802	89.25975589569471	249.75118601958886
EarHT	114	2.4473684210526314	2347.40168453045	89.37462742413192	251.20410894316336
EarHT	112	2.4910714285714284	2346.5813657956705	92.05766432236481	249.75738309930173
EarHT	110	2.536363636363636	2347.3623563319247	92.03216842641191	251.7792126117534
EarHT	107	2.607476635514019	2346.0863393696227	94.70856073820852	250.51884821061876
EarHT	105	2.657142857142857	2346.308884155719	95.43899550211529	251.4323020512392
EarHT	103	2.70873786407767	2345.5875529070154	98.08614399842564	250.55534944905875
EarHT	101	2.762376237623762	2345.7421955567297	96.41680338813376	252.88064375392716
EarHT	99	2.8181818181818183	2344.727486042638	99.93307259821847	251.21583430058985
EarHT	97	2.8762886597938144	2343.7681216326346	102.92149175249668	249.87021774590835
EarHT	95	2.9368421052631577	2344.1730744309193	103.13277958811308	251.1836488492462
EarHT	93	3.0	2344.5732182578085	105.08965533613457	252.22259652649402
EarHT	91	3.065934065934066	2344.229612693341	106.99360735294545	252.176198398682
EarHT	90	3.1	2343.8783503902614	107.92453133396711	251.98383655465616
EarHT	88	3.1704545454545454	2343.734599434765	109.67029245413681	252.166375488751
EarHT	86	3.244186046511628	2342.519808492027	113.82255183796552	250.39128691357988
EarHT	84	3.3214285714285716	2342.814335910498	113.18101927032113	252.40862166598117
EarHT	83	3.36144578313253	2342.3010746316454	115.17669572818988	251.68356908801923
EarHT	81	3.4444444444444446	2341.5531764988186	118.56073745518138	250.98768120728909
EarHT	79	3.5316455696202533	2342.5045800151547	118.27559725530752	253.50038297152756
EarHT	78	3.576923076923077	2341.9038303010793	120.60478601610524	252.68141594401098
EarHT	76	3.6710526315789473	2340.773371366627	124.04658091603176	251.71876874515027
EarHT	75	3.72	2340.2891707354315	126.17496745265628	251.12194381930388
EarHT	73	3.8219178082191783	2338.6252121774396	131.92219883573264	249.31327814933806
EarHT	72	3.875	2359.5042706915847	107.5248934081715	281.76582411673616
EarHT	70	3.9857142857142858	2358.126059526637	113.9833629686366	279.2672482346219
EarHT	69	4.043478260869565	2358.0586925002217	114.72631666133627	279.47204722354786
EarHT	67	4.164179104477612	2361.6155689966445	102.99426542984804	288.62672253849587
EarHT	66	4.2272727272727275	2361.2077997044044	105.26039598660226	287.94063561789415
EarHT	65	4.292307692307692	2360.804713101921	108.47326207984278	287.2928201413419
EarHT	63	4.428571428571429	2359.8616006452157	114.69878131078151	285.5282310730252
EarHT	62	4.5	2359.3148060993403	118.35624657025069	284.4748784258046
EarHT	61	4.573770491803279	2359.0512373345186	116.91057781678971	285.2430160408695
EarHT	60	4.65	2359.7774802941926	115.23672670531496	287.26266742289937
EarHT	58	4.810344827586207	2359.751271280484	117.48634495121196	287.8673626956891
EarHT	57	4.894736842105263	2359.086987890733	121.59394125222363	286.65750856995123
EarHT	56	4.982142857142857	2358.5198664406744	125.5311195061969	285.64261061206787
EarHT	55	5.072727272727272	2357.7910390849693	129.42264892492594	284.5226021811346
EarHT	54	5.166666666666667	2357.32686783627	132.9971482992063	283.7973079123942
EarHT	53	5.264150943396227	2357.4732827294165	133.3500165831448	284.5852067020302
EarHT	52	5.365384615384615	2359.5573627557387	124.36735787115397	289.8244797445547
EarHT	51	5.470588235294118	2359.024136649024	128.30949957886986	288.9375098869229
EarHT	50	5.58	2358.4080028284034	132.88682634076892	287.9041027279099
EarHT	49	5.6938775510204085	2357.8279705764767	137.22690544696056	286.9541987773002
EarHT	48	5.8125	2357.2263723400984	141.7319555408046	286.05010230523885
EarHT	47	5.9361702127659575	2356.746054442352	145.21691577412724	285.5059612524269
EarHT	46	6.065217391304348	2356.031757890938	149.96845235746932	284.56902168156313
EarHT	45	6.2	2355.5795861350693	154.10472953233491	284.0739579574843
EarHT	44	6.340909090909091	2354.8750313384994	159.83762422313526	283.0417198198621
EarHT	43	6.488372093023256	2359.0538226821645	149.98320027019489	290.9427034079717
EarHT	42	6.642857142857143	2358.2751181751178	156.23249531403852	289.8011925150073
EarHT	41	6.804878048780488	2357.2416459590936	163.01107637937272	288.44295989736986
EarHT	40	6.975	2357.156571332398	166.4309684996366	288.6271648624913
EarHT	39	7.153846153846154	2357.4433314056864	165.65365573323413	289.8090431439618
EarHT	38	7.342105263157895	2357.1828505780904	169.30013497523154	289.93883423807563
EarHT	37	7.54054054054054	2358.2700674129997	160.00040611561278	293.32315564697075
EarHT	36	7.75	2360.6080464441634	150.7346138555059	298.5533760990876
EarHT	35	7.9714285714285715	2359.807207397578	159.36199217101193	297.54164375825366
EarHT	34	8.205882352941176	2359.06719856546	165.67925214583454	296.64283092420385
EarHT	33	8.454545454545455	2357.894058829726	175.99843302954298	295.30554400476024
EarHT	32	8.71875	2357.5078723722127	183.16944307755685	294.8659884350982
EarHT	31	9.0	2357.4102226111268	186.58917778742477	295.13405276244936
EarHT	30	9.3	2356.464415681308	197.20968119813318	293.9943324054488
EarHT	29	9.620689655172415	2355.850416806417	207.3432187377401	293.35296944552255
EarHT	28	9.964285714285714	2355.300007342374	214.188875041148	292.95459336974596
EarHT	27	10.333333333333334	2355.0494650635223	221.59702675237625	293.0374456585067
EarHT	26	10.73076923076923	2358.851758578251	193.5545174971046	301.0407501390948
EarHT	25	11.16	2359.0129756663728	195.40028610659238	302.002166141062
EarHT	24	11.625	2360.0401999977516	187.65700565352137	304.76600441317584
EarHT	23	12.130434782608695	2359.1032780987402	201.44118580143612	303.67208553385314
EarHT	22	12.681818181818182	2358.1708550889944	216.00809271818412	302.53131337107334
EarHT	21	13.285714285714286	2357.557619095225	228.91464022064898	302.06943965492684
EarHT	20	13.95	2356.6834890193904	244.87447692493078	301.0834230757602
EarHT	19	14.68421052631579	2357.0015918928534	248.53358220278758	302.4056025683423
EarHT	18	15.5	2359.9213355148822	218.03318357837807	308.7354808539768
EarHT	16	17.4375	2359.804672933604	231.5609628116068	309.88095242056164
EarHT	13	21.46153846153846	2359.664021688755	256.1236264067496	312.54124600137584
EarHT	9	31.0	2359.181973034054	339.8909064082926	315.65848595094985
EarHT	5	55.8	2374.0910134565834	52.32378301173361	346.50706300031663
dpoll	276	1.0	1516.3777952916237	9.987144118333907	3.225557963099336
dpoll	265	1.0415094339622641	1515.3029565208967	9.822612300401326	3.5815614657643136
dpoll	259	1.0656370656370657	1515.010111087416	9.703178582888729	3.8198636140543507
dpoll	254	1.0866141732283465	1513.6751481453111	9.728483868311935	3.877932928011827
dpoll	249	1.108433734939759	1517.790799973144	9.148482880960715	4.746498521473218
dpoll	244	1.1311475409836065	1522.7411980502889	8.718779292230922	5.541012413892021
dpoll	239	1.1548117154811715	1522.6163395017757	8.514971604481795	5.863916863401592
dpoll	234	1.1794871794871795	1525.1554801820637	8.065794679455712	6.5835720969622775
dpoll	230	1.2	1526.0550345287766	7.993857158737181	6.8276829283266816
dpoll	225	1.2266666666666666	1527.6554368536601	7.641180682618465	7.422775018827992
dpoll	221	1.248868778280543	1530.5620934263286	7.405324763025981	7.9443017108845035
dpoll	216	1.2777777777777777	1529.4811842858583	7.526390795170095	7.9348541153979335
dpoll	212	1.3018867924528301	1536.2927830232538	6.83257333666518	9.109330735084933
dpoll	208	1.3269230769230769	1534.8228025994492	6.926984854009098	9.067504892417583
dpoll	203	1.3596059113300492	1531.638885418135	7.173130134790676	8.852745471193222
dpoll	199	1.3869346733668342	1529.7012627023153	7.371826000526174	8.687045777607173
dpoll	195	1.4153846153846155	1528.5542061574515	7.52087777693065	8.642954061057443
dpoll	191	1.4450261780104712	1525.8588202258732	7.819526057121572	8.420248687671757
dpoll	188	1.4680851063829787	1524.301688396888	7.979824249053918	8.335658958843036
dpoll	184	1.5	1523.5343939400182	8.009532391768763	8.426962378710016
dpoll	180	1.5333333333333334	1527.3009082749227	7.871288328417465	8.889362632507137
dpoll	176	1.5681818181818181	1525.1219199349248	8.16356586878238	8.728110937985827
dpoll	173	1.5953757225433527	1529.7517686087645	7.765699711422748	9.367039052728947
dpoll	169	1.6331360946745561	1525.6414800884522	8.043250886635471	9.139334897234562
dpoll	166	1.6626506024096386	1525.64898437032	8.139157173319338	9.20279202243645
dpoll	163	1.6932515337423313	1529.3277363213292	7.89732919225054	9.675913595630638
dpoll	159	1.7358490566037736	1528.089859111023	8.048772798547256	9.672893914460193
dpoll	156	1.7692307692307692	1531.062357782467	7.762012735595307	10.146015957353102
dpoll	153	1.803921568627451	1529.8008849444673	7.814292239668304	10.155925717389465
dpoll	150	1.84	1530.853997327103	7.683080058356774	10.411426139927654
dpoll	147	1.8775510204081634	1529.7299583574172	7.893081150659012	10.336099484666105
dpoll	144	1.9166666666666667	1528.32480088293	8.10316491799887	10.263645323906562
dpoll	141	1.9574468085106382	1528.8254208876924	8.110136617173376	10.425138647206426
dpoll	138	2.0	1531.2682262781955	7.772964351882134	10.904730615923441
dpoll	136	2.0294117647058822	1530.8477509870909	7.821446939176997	10.92969245714058
dpoll	133	2.075187969924812	1529.4028313480962	7.944467843844349	10.905991489350159
dpoll	130	2.123076923076923	1529.7487902808	7.949125357997506	11.04553072743606
dpoll	128	2.15625	1529.6476596834564	8.00017637254912	11.100259815780694
dpoll	125	2.208	1530.9759847191071	8.00971576444029	11.30237782144386
dpoll	123	2.2439024390243905	1533.7701368069602	8.137150270358747	11.507256166950382
dpoll	120	2.3	1531.977864688494	8.412356969397305	11.402152316440635
dpoll	118	2.3389830508474576	1535.498362088084	7.772141836935258	11.980830155419053
dpoll	115	2.4	1535.537070893853	7.723663532817609	12.12688932642354
dpoll	113	2.4424778761061945	1536.7880960635403	7.642806192067144	12.321586429111058
dpoll	111	2.4864864864864864	1536.2518067232534	7.683165794377041	12.35104357436833
dpoll	108	2.5555555555555554	1534.4984180423742	7.919085737310735	12.273626054367258
dpoll	106	2.6037735849056602	1534.2466218480317	7.967703926841405	12.3231752397986
dpoll	104	2.6538461538461537	1533.9045907745399	8.061801135099767	12.346411171324792
dpoll	102	2.7058823529411766	1536.7876876482846	7.685513223385048	12.78369468288336
dpoll	100	2.76	1535.0146858460898	7.913753162499385	12.67018482663283
dpoll	98	2.816326530612245	1536.195746074726	7.89790067556527	12.832237010400968
dpoll	96	2.875	1535.099155677261	8.084313290385595	12.774253512202666
dpoll	94	2.9361702127659575	1534.1743492119272	8.244290352824219	12.733189756282956
dpoll	92	3.0	1535.4439605230293	8.500800171753324	12.821747032408293
dpoll	90	3.066666666666667	1534.2789140705986	8.704831621187113	12.770791020338761
dpoll	89	3.101123595505618	1533.7200091948525	8.800393083564773	12.745843929575146
dpoll	87	3.1724137931034484	1535.6852877202318	8.611820232063899	13.009099706801912
dpoll	85	3.2470588235294118	1538.4840252211497	8.238724957578581	13.396338684830496
dpoll	83	3.325301204819277	1537.7924099747515	8.395048309727095	13.395195029087422
dpoll	82	3.3658536585365852	1536.9507533282722	8.511095595843903	13.352957207351556
dpoll	80	3.45	1541.7287764312932	8.724545850723988	13.677144668372035
dpoll	78	3.5384615384615383	1540.5862994855513	8.911523585728949	13.63887392946112
dpoll	77	3.5844155844155843	1539.768786790198	9.074851058102084	13.592424777329766
dpoll	75	3.68	1538.8241446618633	9.329897041012508	13.553774573030228
dpoll	74	3.72972972972973	1538.0975076335117	9.482995484129397	13.512361998508057
dpoll	72	3.8333333333333335	1553.1908525882518	9.199607759470927	14.648887056778792
dpoll	71	3.887323943661972	1552.7349284110865	9.339033570673637	14.626891265391631
dpoll	69	4.0	1569.5316683283452	7.596343526883282	16.37408296750221
dpoll	68	4.0588235294117645	1569.0482301149127	7.717892180666911	16.338177688308416
dpoll	67	4.119402985074627	1568.4696689651598	7.903847475826276	16.281027969010097
dpoll	65	4.246153846153846	1572.5986274728468	7.174441766061921	16.86592158018297
dpoll	64	4.3125	1572.7144634285282	7.211073819677021	16.919290297548716
dpoll	63	4.380952380952381	1572.6916870952075	7.297504755333063	16.930570972667972
dpoll	61	4.524590163934426	1571.997140741048	7.61355976340404	16.876764561805913
dpoll	60	4.6	1571.5997979972476	7.843251340637055	16.82932861136303
dpoll	59	4.677966101694915	1570.946186869806	8.078043824726121	16.76830029612863
dpoll	58	4.758620689655173	1570.2149001674966	8.323975929719973	16.69849443927043
dpoll	57	4.842105263157895	1569.7014049420627	8.539402694035088	16.653224782312545
dpoll	55	5.0181818181818185	1569.2602437202404	8.822816421610325	16.648540658783674
dpoll	54	5.111111111111111	1568.6321736374737	9.076079452539345	16.595302598999343
dpoll	53	5.2075471698113205	1568.1669208264213	9.243063885352559	16.572463499687075
dpoll	52	5.3076923076923075	1568.1768428718267	9.253997306292513	16.6184054990349
dpoll	51	5.411764705882353	1567.7475599120999	9.456773274794847	16.593420744987824
dpoll	50	5.52	1567.3630052907306	9.662878100797116	16.57567132976446
dpoll	49	5.63265306122449	1567.5671841812252	9.66193711479401	16.636111491867403
dpoll	48	5.75	1568.664225588624	9.363683441987712	16.81898408745685
dpoll	47	5.872340425531915	1567.8586544983168	9.672511384299757	16.75590184805671
dpoll	46	6.0	1567.1623780159427	9.929508803360688	16.71171234222963
dpoll	45	6.133333333333334	1566.4304898423409	10.254190235302508	16.65536225132466
dpoll	44	6.2727272727272725	1565.6997426446305	10.570478281110796	16.60346818860942
dpoll	43	6.4186046511627906	1565.6584592146346	10.761918680235603	16.628165678446095
dpoll	42	6.571428571428571	1564.4355979143652	11.06232840645682	16.561378038028987
dpoll	41	6.7317073170731705	1568.0828870978216	10.07904117720678	17.017986967680542
dpoll	40	6.9	1568.8123761274242	9.742984229824414	17.16672969628362
dpoll	39	7.076923076923077	1568.0208607001848	10.12054200724543	17.1113396046093
dpoll	38	7.2631578947368425	1567.4594456680657	10.392693358703303	17.0777442019833
dpoll	37	7.45945945945946	1570.9835170684335	9.626110818980658	17.50687343579297
dpoll	36	7.666666666666667	1570.3056972216489	9.946564957235465	17.488905231616794
dpoll	35	7.885714285714286	1569.4842462922204	10.312551731975816	17.43231485849927
dpoll	34	8.117647058823529	1568.4292853099178	10.76782987131173	17.38313345492439
dpoll	33	8.363636363636363	1567.2247968824927	11.320378017372619	17.310965764459798
dpoll	32	8.625	1566.4825559365743	11.739752597777997	17.26788536983031
dpoll	31	8.903225806451612	1565.7623651421495	12.192758386075026	17.217944239942522
dpoll	30	9.2	1564.7811838679643	12.665895131029105	17.172211318719487
dpoll	29	9.517241379310345	1564.938893314027	12.98194790172286	17.220615033103584
dpoll	28	9.857142857142858	1564.3418943890824	13.507096284998712	17.186442545335318
dpoll	27	10.222222222222221	1563.3868159109984	14.161461854677512	17.12954996467123
dpoll	26	10.615384615384615	1562.783035513239	14.727654776522723	17.111126714554654
dpoll	25	11.04	1561.5906048875745	15.571200958386854	17.050235748246166
dpoll	24	11.5	1560.5445255760278	16.38395627573953	16.99236882327131
dpoll	23	12.0	1559.751499315698	17.139614119101875	16.956496254607583
dpoll	22	12.545454545454545	1558.5126676045427	18.123413168123694	16.89562754057445
dpoll	21	13.142857142857142	1557.4746440863591	19.069863527286152	16.860057981019153
dpoll	20	13.8	1556.3847140272842	20.199411764508934	16.809435342261697
dpoll	16	17.25	1555.4247789652725	23.900849701740896	16.934427213178267
dpoll	15	18.4	1553.653550541132	25.94330261064235	16.868097299397732
dpoll	10	27.6	1552.6578438091917	33.98223816856581	17.186166629468758
dpoll	6	46.0	1570.4526191045143	32.53195185480534	18.9542795002114
EarDia	249	1.0	1286.913857365571	6.53486305489535	3.067558171272524
EarDia	239	1.0418410041841004	1286.518097861479	6.108963551231159	3.6479388130449197
EarDia	234	1.064102564102564	1285.7290774358898	6.224821876865109	3.564169397339791
EarDia	229	1.0873362445414847	1284.816239415649	6.260407509004403	3.574855432870034
EarDia	225	1.1066666666666667	1284.5973967404514	6.246494645201673	3.648887494437707
EarDia	220	1.1318181818181818	1285.61212813134	5.920621155603005	4.110625813114256
EarDia	216	1.1527777777777777	1285.9413326626027	5.7720437603024	4.3412945633570255
EarDia	211	1.180094786729858	1287.710791432801	5.310116132519105	4.9802824544275435
EarDia	207	1.2028985507246377	1285.5217961409544	5.482825702013599	4.81055949578952
EarDia	203	1.2266009852216748	1286.1260794376221	5.492665950593763	4.943666877768241
EarDia	199	1.2512562814070352	1286.551155814638	5.316908201582696	5.235121569250756
EarDia	195	1.2769230769230768	1289.106104719625	5.0714390112249665	5.680778996994119
EarDia	191	1.3036649214659686	1291.060575765662	4.817930370999291	6.108592668022006
EarDia	187	1.3315508021390374	1291.2885657062593	4.818530530257146	6.221648563752539
EarDia	183	1.360655737704918	1297.6169653980407	3.9442661883489594	7.4584325213623
EarDia	180	1.3833333333333333	1298.0647348160046	3.8706856992256777	7.59983841293464
EarDia	176	1.4147727272727273	1296.1410364966175	4.06903220234272	7.417263279181305
EarDia	173	1.439306358381503	1295.8457893516738	4.100466288295485	7.444300019937558
EarDia	169	1.4733727810650887	1295.2734425290394	4.256636979033618	7.373166314936113
EarDia	166	1.5	1294.5109765884952	4.366511606945389	7.311253589612906
EarDia	162	1.537037037037037	1293.1750125045264	4.522774497411064	7.221245131197418
EarDia	159	1.5660377358490567	1291.6322007952285	4.727209235529071	7.062449258086631
EarDia	156	1.5961538461538463	1291.937128853943	4.683210758774936	7.196011018469165
EarDia	153	1.6274509803921569	1290.2621211424841	4.887987795882697	7.0457475307438155
EarDia	150	1.66	1288.8826689168882	5.0412892708115145	6.959072251012023
EarDia	147	1.6938775510204083	1288.0147460275923	5.147250127499691	6.926298985973302
EarDia	144	1.7291666666666667	1286.0507655931274	5.351819487511978	6.7954693024434825
EarDia	141	1.7659574468085106	1288.9701720480123	4.955279100487913	7.274272108736401
EarDia	138	1.8043478260869565	1287.5676334535212	5.13885689818371	7.182386962592272
EarDia	135	1.8444444444444446	1287.3900910886478	5.194389330020726	7.21764010851579
EarDia	133	1.8721804511278195	1288.071838515569	5.189065640669654	7.30683799307388
EarDia	130	1.9153846153846155	1290.410191253432	5.058774228931677	7.583347994346273
EarDia	127	1.9606299212598426	1287.6426112002916	5.316812912683608	7.40831785689675
EarDia	125	1.992	1290.7909041902017	5.036723342104863	7.784586535513165
EarDia	122	2.040983606557377	1289.404958593789	5.201486952477768	7.7146532554027605
EarDia	120	2.075	1287.9895438498306	5.382599008546805	7.613355782414627
EarDia	117	2.128205128205128	1295.6805166757922	4.627403713753203	8.48564360032379
EarDia	115	2.1652173913043478	1295.309911528509	4.709093500544043	8.477206190726557
EarDia	113	2.2035398230088497	1294.5235754687765	4.854804405299733	8.417565716617256
EarDia	110	2.2636363636363637	1297.1180527936885	4.730754157233117	8.71105060311932
EarDia	108	2.3055555555555554	1296.5189932105923	4.779981083503666	8.714766043217562
EarDia	106	2.349056603773585	1297.0207308645665	4.647777880932304	8.85510897048328
EarDia	104	2.394230769230769	1298.7382912508583	4.431523785651512	9.10442297035578
EarDia	102	2.4411764705882355	1299.672791930372	4.372198487675096	9.233716169279244
EarDia	100	2.49	1298.8786486706479	4.51115097048467	9.178437410247149
EarDia	98	2.5408163265306123	1298.4637503833055	4.589888242371313	9.1768115545601
EarDia	96	2.59375	1297.5336692890853	4.765002583592168	9.104652366429484
EarDia	94	2.648936170212766	1297.5376706829554	4.643815393715256	9.232553368259444
EarDia	92	2.7065217391304346	1296.9205004839437	4.778950184532239	9.200591852679699
EarDia	90	2.7666666666666666	1296.6537360783057	4.867053038943728	9.209342234978651
EarDia	88	2.8295454545454546	1296.1728466242444	4.992381751327915	9.200446571517183
EarDia	87	2.8620689655172415	1297.5925138178363	4.962312952936235	9.316547599683672
EarDia	85	2.929411764705882	1296.6670667187427	5.114487429568477	9.263703068476977
EarDia	83	3.0	1295.142277325532	5.347410316967364	9.164131653876888
EarDia	81	3.074074074074074	1294.037621668972	5.583560128795276	9.085962989740212
EarDia	80	3.1125	1296.4513831679494	5.202593783069761	9.369699267167201
EarDia	78	3.1923076923076925	1296.4674932305518	5.231736940665196	9.424839670958328
EarDia	77	3.2337662337662336	1296.3231626234688	5.289733149845187	9.427612983817783
EarDia	75	3.32	1297.0416149171326	5.270877064546735	9.535350188067298
EarDia	74	3.364864864864865	1296.65283434877	5.367086127894889	9.516978248603065
EarDia	72	3.4583333333333335	1302.1005014522693	4.964819145933103	9.986639095945442
EarDia	71	3.507042253521127	1302.2542308659724	4.941263254362754	10.030651978159721
EarDia	69	3.608695652173913	1302.1714420113983	4.914250578935255	10.096453826086723
EarDia	68	3.661764705882353	1301.5577617075712	5.049192972242829	10.0495901138212
EarDia	66	3.772727272727273	1300.8003747685996	5.239969031948073	10.010657217124445
EarDia	65	3.830769230769231	1301.8367194807688	5.053789677795717	10.148867921017333
EarDia	64	3.890625	1302.484875377455	4.699231884540078	10.337592066796217
EarDia	63	3.9523809523809526	1303.2791867631777	4.784983857606377	10.392580966582276
EarDia	61	4.081967213114754	1302.0994183064724	5.086352231219733	10.305050609292357
EarDia	60	4.15	1302.818723166496	4.937138130907369	10.41160061691297
EarDia	59	4.220338983050848	1303.6557432703164	4.855133598138455	10.505550444416512
EarDia	58	4.293103448275862	1304.3558101058666	4.637600097372269	10.63109170420765
EarDia	56	4.446428571428571	1303.53649696454	4.84835797483501	10.598418360987335
EarDia	55	4.527272727272727	1305.368861443324	4.564073154867226	10.798632544233149
EarDia	54	4.611111111111111	1305.1659385217235	4.604092125118099	10.80441475100682
EarDia	53	4.69811320754717	1305.742521207091	4.52567682361054	10.884669308405488
EarDia	52	4.788461538461538	1305.1669711180402	4.697260759089822	10.83840805491566
EarDia	51	4.882352941176471	1304.6189716202996	4.845699647945684	10.803941853649892
EarDia	50	4.98	1304.2858792999943	4.968188289217252	10.789378246974524
EarDia	49	5.081632653061225	1303.7101981223332	5.156786965761447	10.74855418682452
EarDia	48	5.1875	1303.1005547381692	5.351439104620307	10.704994093314772
EarDia	47	5.297872340425532	1302.452646618739	5.549432558238473	10.661454923360104
EarDia	46	5.413043478260869	1305.070396210759	4.995598104520021	10.944957788908184
EarDia	45	5.533333333333333	1306.3361409089691	4.778072908642728	11.086474650818497
EarDia	44	5.659090909090909	1307.330973921154	4.516979278130478	11.224262667701659
EarDia	43	5.790697674418604	1307.792122777621	4.410247716791923	11.29853789699656
EarDia	42	5.928571428571429	1307.700385448748	4.503044079471605	11.300370364104566
EarDia	41	6.073170731707317	1306.84641026072	4.70916604676478	11.243925356302546
EarDia	40	6.225	1306.5174712201413	4.805993124715521	11.234803361508952
EarDia	39	6.384615384615385	1306.1298963904828	4.97354822000214	11.209516718527185
EarDia	38	6.552631578947368	1305.5177210706643	5.201668475381349	11.165232787483465
EarDia	37	6.72972972972973	1305.3052213406497	5.353535822833691	11.15395154254315
EarDia	36	6.916666666666667	1304.8281650351769	5.525111623213446	11.128415991861345
EarDia	35	7.114285714285714	1304.1577431796918	5.786061334407151	11.084863908806854
EarDia	34	7.323529411764706	1304.3856527542812	5.92312063362995	11.114323741396376
EarDia	33	7.545454545454546	1303.310353787303	6.274065992992435	11.060472765880785
EarDia	32	7.78125	1304.3116868770835	6.195375983895211	11.176466591060459
EarDia	31	8.03225806451613	1308.2853597343976	5.377543691651962	11.538205467937088
EarDia	30	8.3	1308.9279838635257	5.243047079411908	11.631598864122182
EarDia	29	8.586206896551724	1309.1396560678388	5.285401711401998	11.666331997135053
EarDia	28	8.892857142857142	1312.4457374672966	4.137456302933376	12.039353473078243
EarDia	27	9.222222222222221	1312.389218790661	4.389125754087123	12.039647375866583
EarDia	26	9.576923076923077	1312.7020633607788	4.228402728190508	12.103443923356272
EarDia	25	9.96	1312.5884798642046	4.323405664676649	12.11320474092807
EarDia	24	10.375	1311.485918969238	4.7076530306934234	12.035542078405099
EarDia	23	10.826086956521738	1311.6569263170131	4.68232372200389	12.074646055262358
EarDia	22	11.318181818181818	1311.6138548190056	4.718716794546379	12.097873553520511
EarDia	21	11.857142857142858	1312.4377501182526	4.442168597039758	12.203272390446768
EarDia	20	12.45	1311.9512989964708	4.819753135334289	12.167635349255285
EarDia	19	13.105263157894736	1312.8238751731958	4.4445591718746	12.28175461164923
EarDia	18	13.833333333333334	1312.5474344334837	4.734755213571709	12.267168577112285
EarDia	17	14.647058823529411	1312.146063684542	5.090003920260472	12.243741174277817
EarDia	16	15.5625	1311.8509099931935	5.59165459935757	12.223451078736362
EarDia	14	17.785714285714285	1310.2716160284328	6.899218362525895	12.147855504974833
EarDia	13	19.153846153846153	1311.1296187797216	6.870670149234553	12.235512386524134
EarDia	12	20.75	1310.5199198625567	7.6164272130038375	12.207649662218563
EarDia	11	22.636363636363637	1313.2073249903547	6.394511849254338	12.467077639943755
EarDia	10	24.9	1318.6062491806013	1.3254818902875824E-4	13.254818902875824
EarDia	8	31.125	1318.6063057444585	1.3254825793116456E-4	13.254825793116456
EarDia	6	41.5	1318.606349768474	1.325483098438517E-4	13.25483098438517
EarDia	5	49.8	1318.6063387588233	1.325483153861365E-4	13.254831538613649
EarDia	4	62.25	1318.6063080641325	1.325483151558149E-4	13.25483151558149
