PC	eigenvalue	proportion of total	cumulative proportion
0	25.93913	0.06059	0.06059
1	14.72958	0.0344	0.09499
2	9.64447	0.02253	0.11752
3	8.0393	0.01878	0.13629
4	7.63514	0.01783	0.15413
5	6.65967	0.01555	0.16968
6	6.35232	0.01484	0.18452
7	5.79322	0.01353	0.19805
8	5.60696	0.0131	0.21114
9	4.78272	0.01117	0.22232
10	4.64711	0.01085	0.23317
11	4.16587	0.00973	0.2429
12	3.94946	0.00922	0.25212
13	3.8341	0.00896	0.26108
14	3.79463	0.00886	0.26994
15	3.73553	0.00872	0.27867
16	3.52869	0.00824	0.28691
17	3.38608	0.00791	0.29482
18	3.33822	0.0078	0.30261
19	3.24475	0.00758	0.31019
20	3.21634	0.00751	0.31771
21	3.14588	0.00735	0.32505
22	2.99248	0.00699	0.33204
23	2.93246	0.00685	0.33889
24	2.90255	0.00678	0.34567
25	2.85215	0.00666	0.35233
26	2.78565	0.00651	0.35884
27	2.75154	0.00643	0.36527
28	2.67003	0.00624	0.3715
29	2.65398	0.0062	0.3777
30	2.6039	0.00608	0.38378
31	2.54666	0.00595	0.38973
32	2.51301	0.00587	0.3956
33	2.48675	0.00581	0.40141
34	2.45436	0.00573	0.40714
35	2.41701	0.00565	0.41279
36	2.40609	0.00562	0.41841
37	2.3873	0.00558	0.42398
38	2.34819	0.00548	0.42947
39	2.34045	0.00547	0.43493
40	2.29264	0.00535	0.44029
41	2.27617	0.00532	0.44561
42	2.24292	0.00524	0.45084
43	2.21873	0.00518	0.45603
44	2.19926	0.00514	0.46116
45	2.17579	0.00508	0.46625
46	2.15795	0.00504	0.47129
47	2.13746	0.00499	0.47628
48	2.12075	0.00495	0.48123
49	2.07484	0.00485	0.48608
50	2.08049	0.00486	0.49094
51	2.04916	0.00479	0.49572
52	2.03525	0.00475	0.50048
53	2.00955	0.00469	0.50517
54	2.0003	0.00467	0.50984
55	1.97428	0.00461	0.51445
56	1.96377	0.00459	0.51904
57	1.9526	0.00456	0.5236
58	1.93939	0.00453	0.52813
59	1.92949	0.00451	0.53264
60	1.91972	0.00448	0.53712
61	1.90523	0.00445	0.54157
62	1.88633	0.00441	0.54598
63	1.85474	0.00433	0.55031
64	1.83461	0.00429	0.55459
65	1.82989	0.00427	0.55887
66	1.81973	0.00425	0.56312
67	1.8179	0.00425	0.56736
68	1.80317	0.00421	0.57158
69	0.04449	1.0391E-4	0.57168
70	0.05008	1.1697E-4	0.5718
71	0.05793	1.353E-4	0.57193
72	1.77961	0.00416	0.57609
73	1.76681	0.00413	0.58022
74	1.7607	0.00411	0.58433
75	0.08635	2.0169E-4	0.58453
76	1.74171	0.00407	0.5886
77	0.09873	2.3061E-4	0.58883
78	1.72787	0.00404	0.59286
79	1.72183	0.00402	0.59689
80	1.71136	0.004	0.60088
81	0.11373	2.6563E-4	0.60115
82	1.68335	0.00393	0.60508
83	1.67387	0.00391	0.60899
84	0.1259	2.9406E-4	0.60928
85	0.1316	3.0738E-4	0.60959
86	0.13988	3.2672E-4	0.60992
87	0.14043	3.2799E-4	0.61025
88	0.14511	3.3893E-4	0.61058
89	0.15107	3.5285E-4	0.61094
90	0.15728	3.6735E-4	0.61131
91	0.16068	3.753E-4	0.61168
92	0.16931	3.9544E-4	0.61208
93	0.16835	3.932E-4	0.61247
94	0.18264	4.2658E-4	0.6129
95	0.18703	4.3685E-4	0.61333
96	0.19371	4.5245E-4	0.61378
97	1.6645	0.00389	0.61767
98	1.65229	0.00386	0.62153
99	1.6435	0.00384	0.62537
100	1.63617	0.00382	0.62919
101	1.62986	0.00381	0.633
102	0.20727	4.8412E-4	0.63348
103	1.60444	0.00375	0.63723
104	1.59814	0.00373	0.64096
105	0.22706	5.3034E-4	0.64149
106	0.22851	5.3372E-4	0.64203
107	0.23282	5.438E-4	0.64257
108	1.58063	0.00369	0.64626
109	1.57729	0.00368	0.64995
110	0.25043	5.8493E-4	0.65053
111	0.25571	5.9727E-4	0.65113
112	1.56023	0.00364	0.65477
113	1.55192	0.00362	0.6584
114	1.54492	0.00361	0.66201
115	1.53718	0.00359	0.6656
116	0.26962	6.2974E-4	0.66623
117	1.51727	0.00354	0.66977
118	1.51872	0.00355	0.67332
119	1.50359	0.00351	0.67683
120	1.49522	0.00349	0.68032
121	0.2812	6.5678E-4	0.68098
122	0.29167	6.8125E-4	0.68166
123	0.29074	6.7906E-4	0.68234
124	0.30599	7.1469E-4	0.68305
125	0.31448	7.3453E-4	0.68379
126	1.4719	0.00344	0.68723
127	1.46241	0.00342	0.69064
128	1.45653	0.0034	0.69404
129	0.32578	7.6091E-4	0.6948
130	0.33351	7.7897E-4	0.69558
131	1.44722	0.00338	0.69896
132	1.43716	0.00336	0.70232
133	1.4302	0.00334	0.70566
134	0.34452	8.047E-4	0.70647
135	0.35088	8.1953E-4	0.70729
136	0.35241	8.2311E-4	0.70811
137	1.42339	0.00332	0.71143
138	0.36029	8.4152E-4	0.71227
139	1.41604	0.00331	0.71558
140	0.36895	8.6175E-4	0.71644
141	0.37563	8.7736E-4	0.71732
142	0.38193	8.9206E-4	0.71821
143	1.4004	0.00327	0.72148
144	1.3957	0.00326	0.72474
145	1.38525	0.00324	0.72798
146	1.37572	0.00321	0.73119
147	1.37147	0.0032	0.7344
148	1.35982	0.00318	0.73757
149	0.39812	9.2989E-4	0.7385
150	0.40016	9.3463E-4	0.73944
151	0.40581	9.4784E-4	0.74038
152	0.41496	9.6922E-4	0.74135
153	0.41851	9.7751E-4	0.74233
154	1.33322	0.00311	0.74545
155	1.33425	0.00312	0.74856
156	1.32509	0.00309	0.75166
157	0.43445	0.00101	0.75267
158	0.44111	0.00103	0.7537
159	0.44331	0.00104	0.75474
160	1.31665	0.00308	0.75781
161	1.31034	0.00306	0.76087
162	1.30149	0.00304	0.76391
163	1.29662	0.00303	0.76694
164	0.45155	0.00105	0.768
165	0.46	0.00107	0.76907
166	0.46315	0.00108	0.77015
167	1.28695	0.00301	0.77316
168	1.27887	0.00299	0.77614
169	1.268	0.00296	0.77911
170	1.26062	0.00294	0.78205
171	0.47593	0.00111	0.78316
172	0.48246	0.00113	0.78429
173	0.48556	0.00113	0.78542
174	0.49798	0.00116	0.78659
175	0.50283	0.00117	0.78776
176	0.50826	0.00119	0.78895
177	0.51802	0.00121	0.79016
178	0.5259	0.00123	0.79139
179	1.24363	0.0029	0.79429
180	1.2363	0.00289	0.79718
181	1.23021	0.00287	0.80005
182	0.53413	0.00125	0.8013
183	0.53963	0.00126	0.80256
184	0.54767	0.00128	0.80384
185	1.21801	0.00284	0.80668
186	1.21002	0.00283	0.80951
187	1.21274	0.00283	0.81234
188	1.20373	0.00281	0.81515
189	1.19642	0.00279	0.81795
190	1.18946	0.00278	0.82073
191	1.18774	0.00277	0.8235
192	1.18301	0.00276	0.82626
193	1.17657	0.00275	0.82901
194	0.56182	0.00131	0.83032
195	0.56552	0.00132	0.83165
196	0.56655	0.00132	0.83297
197	0.5701	0.00133	0.8343
198	0.58632	0.00137	0.83567
199	0.58389	0.00136	0.83703
200	0.58248	0.00136	0.83839
201	0.59785	0.0014	0.83979
202	1.15761	0.0027	0.84249
203	1.16103	0.00271	0.84521
204	1.13889	0.00266	0.84787
205	1.13193	0.00264	0.85051
206	1.12768	0.00263	0.85314
207	1.11959	0.00262	0.85576
208	1.10917	0.00259	0.85835
209	1.10537	0.00258	0.86093
210	0.61895	0.00145	0.86238
211	0.62341	0.00146	0.86383
212	0.6267	0.00146	0.8653
213	0.63187	0.00148	0.86677
214	0.64347	0.0015	0.86828
215	0.64455	0.00151	0.86978
216	1.08958	0.00254	0.87233
217	1.08618	0.00254	0.87486
218	1.08246	0.00253	0.87739
219	1.07516	0.00251	0.8799
220	0.66034	0.00154	0.88144
221	0.66698	0.00156	0.883
222	0.67212	0.00157	0.88457
223	0.67622	0.00158	0.88615
224	0.68482	0.0016	0.88775
225	0.68642	0.0016	0.88935
226	0.6946	0.00162	0.89098
227	0.6984	0.00163	0.89261
228	1.06168	0.00248	0.89509
229	0.71019	0.00166	0.89675
230	0.71367	0.00167	0.89841
231	0.72007	0.00168	0.9001
232	0.7274	0.0017	0.90179
233	1.05326	0.00246	0.90425
234	1.04635	0.00244	0.9067
235	1.03778	0.00242	0.90912
236	1.03268	0.00241	0.91153
237	0.7342	0.00171	0.91325
238	1.02154	0.00239	0.91564
239	1.01651	0.00237	0.91801
240	1.01409	0.00237	0.92038
241	0.74462	0.00174	0.92212
242	0.74808	0.00175	0.92386
243	0.75324	0.00176	0.92562
244	0.76495	0.00179	0.92741
245	0.76775	0.00179	0.9292
246	0.77806	0.00182	0.93102
247	0.78284	0.00183	0.93285
248	0.78592	0.00184	0.93469
249	0.79501	0.00186	0.93654
250	0.80092	0.00187	0.93841
251	0.80593	0.00188	0.94029
252	1.006	0.00235	0.94264
253	0.99784	0.00233	0.94498
254	0.99302	0.00232	0.94729
255	0.98218	0.00229	0.94959
256	0.98115	0.00229	0.95188
257	0.96968	0.00226	0.95415
258	0.9711	0.00227	0.95641
259	0.96351	0.00225	0.95866
260	0.95189	0.00222	0.96089
261	0.94347	0.0022	0.96309
262	0.93725	0.00219	0.96528
263	0.93193	0.00218	0.96746
264	0.92598	0.00216	0.96962
265	0.91823	0.00214	0.97176
266	0.90625	0.00212	0.97388
267	0.89826	0.0021	0.97598
268	0.89676	0.00209	0.97807
269	0.81999	0.00192	0.97999
270	0.88143	0.00206	0.98205
271	0.8771	0.00205	0.9841
272	0.83121	0.00194	0.98604
273	0.87153	0.00204	0.98807
274	0.86765	0.00203	0.9901
275	0.86139	0.00201	0.99211
276	0.85352	0.00199	0.9941
277	0.83933	0.00196	0.99607
278	0.83676	0.00195	0.99802
279	0.84783	0.00198	1
280	8.5723E-30	2.0022E-32	1
